14.74012799999 6.9213229 0
15.569955 8.1387759 0
12.24463499999 7.1154977 0
14.31766 9.7469669 0
13.42632800000 11.41036699999 0
12.844189 8.0463351 0
13.570756 8.1994027 0
14.089307 8.8419578 0
16.976771 8.6173055 0
16.508428 7.6593169 0
12.45159 9.4690357 0
17.276329 5.5169166 0
14.841153 7.1743035 0
13.63025300000 9.2582979 0
13.873318 11.00832999999 0
13.510837 9.2392702 0
14.47886999999 5.6500137 0
15.273167 8.121272 0
15.455095 7.1112413 0
15.53922 6.8032939 0
14.781091 7.2258741 0
13.232396 6.84421 0
14.87764099999 6.999772 0
16.022443 5.6160518 0
14.671375 7.0256281 0
14.97605800000 7.7171946 0
14.63971499999 7.9852368 0
13.804387 7.7204076 0
14.370177 7.5478413 0
13.195873 8.4610178 0
14.659255 8.4723666 0
12.212114 11.13679700000 0
12.621085 9.7746153 0
13.333838 7.8314016 0
10.756708 10.66817399999 0
15.561147 6.7897445 0
15.215559 4.2759304 0
14.41869099999 3.6829857 0
16.227096 3.8876601 0
12.407047 8.3815037 0
14.20757 6.8118696 0
14.118633 6.6804028 0
14.29887799999 7.921711 0
14.642349 6.5256078 0
13.450378 7.1714099 0
13.665136 9.2342758 0
13.443953 9.6471095 0
13.409415 12.559315 0
14.942062 8.058182 0
15.08011299999 7.5620031 0
13.42341400000 7.2835585 0
14.174965 7.5708957 0
12.811149 8.505996 0
13.764387 5.0452003 0
14.12182899999 7.4887094 0
15.157859 8.7327686 0
13.515716 7.2433043 0
14.12426200000 8.8027773 0
13.278695 10.09567300000 0
14.578786 9.5956022 0
12.522515 10.098216 0
15.162478 3.4640406 0
14.83471500000 6.5949831 0
14.649865 9.2526778 0
15.346874 8.0172451 0
14.083504 7.9667433 0
12.28995000000 9.6196324 0
12.69266199999 10.63129599999 0
12.86153300000 8.8383323 0
16.729771 5.3075171 0
13.47448 7.9474747 0
14.851972 7.2103824 0
13.359209 9.8896998 0
14.682457 8.3803102 0
12.96139099999 9.477464 0
12.523814 8.9968046 0
12.75875799999 7.9866537 0
14.457623 7.8781856 0
13.71427200000 8.5220987 0
14.503008 5.3017819 0
15.329875 7.6480857 0
13.827792 9.7093762 0
14.2529 7.6807386 0
14.8015 10.350946 0
12.91528900000 9.5232142 0
14.90679700000 6.8109986 0
14.91206100000 7.2745651 0
13.893884 7.5714604 0
14.09511 8.3744059 0
12.456813 10.092295 0
12.998002 7.9901566 0
13.875652 8.8644534 0
13.84461 11.14945000000 0
16.119746 8.5702356 0
12.92047699999 9.9839742 0
14.594735 6.2767202 0
14.184608 6.9728389 0
11.945701 9.4516148 0
13.611358 8.0181872 0
13.017845 5.6472425 0
15.59758699999 4.5509659 0
12.598873 10.496395 0
14.479157 6.4336986 0
12.41629899999 12.42895400000 0
15.41451399999 3.4042664 0
13.175292 9.1976906 0
14.489652 7.7562696 0
15.117483 6.1178398 0
15.50972500000 7.9527058 0
14.202803 6.509356 0
11.431753 10.788744 0
13.126977 8.5535328 0
16.174288 4.043928 0
14.14022 3.6865778 0
15.10286900000 6.9518632 0
13.55114699999 10.229588 0
15.34611200000 7.6439903 0
12.011975 9.0889505 0
13.458425 9.4743564 0
13.48885799999 5.8171081 0
16.195325 9.3967275 0
15.272144 5.7996882 0
15.36009 7.3860434 0
13.123604 7.8019516 0
13.456606 8.5334208 0
14.69979 4.2471985 0
14.336477 10.49857700000 0
13.449223 9.2305563 0
13.69657799999 11.66908400000 0
11.23984799999 11.859249 0
13.64041000000 8.1998863 0
13.645938 6.5336946 0
13.29239700000 5.3107117 0
14.499489 7.7799546 0
14.172405 8.2973262 0
13.51057 10.074901 0
13.14181299999 6.7648737 0
14.73009400000 9.0258487 0
14.314465 7.9677699 0
14.08777699999 6.6021592 0
13.63580900000 9.5368788 0
13.605177 8.6623072 0
12.36734 8.4048951 0
12.775703 11.89740999999 0
12.864014 9.6341621 0
13.075931 8.2690554 0
12.70487 9.1331158 0
13.42292000000 8.4408704 0
11.910568 9.348504 0
14.737434 8.4250676 0
14.82181900000 6.5329339 0
14.378484 6.4159661 0
13.78490400000 8.7386833 0
12.25929100000 12.169265 0
15.172096 6.8770137 0
14.37314500000 6.0411608 0
13.404743 7.8801741 0
15.59339299999 6.3562775 0
13.938901 7.4576965 0
13.17321200000 9.2455505 0
13.77124900000 7.886867 0
13.44925 7.2352566 0
13.10175499999 7.6725303 0
17.187265 4.0919409 0
16.085258 5.4532089 0
15.01403599999 5.0202301 0
13.000875 7.5965874 0
13.677081 6.2625378 0
14.177045 6.6739499 0
14.942243 7.0009829 0
13.26821599999 6.2651212 0
11.679814 9.126209 0
12.380717 9.4052898 0
14.81512600000 5.9067826 0
13.834392 10.03216799999 0
15.244732 4.6019494 0
14.06561299999 7.281553 0
14.926032 4.938783 0
13.696161 7.5488222 0
15.52398 4.9211574 0
12.925723 7.5311773 0
14.825383 6.2910718 0
13.743792 6.0543509 0
14.697543 4.0377234 0
14.270253 8.853728 0
14.039019 11.480739 0
11.77069700000 13.005475 0
15.50674799999 6.3853155 0
14.683145 7.5779226 0
14.16500799999 7.1024388 0
13.766805 8.2495055 0
14.241778 6.2712639 0
14.656626 4.3126208 0
14.041267 7.9155909 0
14.663853 5.5241034 0
15.77728000000 3.7821 0
14.339852 11.985009 0
14.583587 7.2998514 0
13.588346 8.9126181 0
14.02895599999 10.072342 0
15.025607 4.5388687 0
12.763658 9.3411808 0
14.698349 8.5288795 0
14.26553 8.0125977 0
14.056276 8.2480086 0
14.779218 6.6864918 0
13.89987599999 9.3154182 0
13.483485 6.7708596 0
14.235854 6.4884007 0
13.491277 9.5237025 0
12.624716 11.639095 0
15.875301 6.3861599 0
13.37680999999 7.4277078 0
13.31214799999 9.0580553 0
12.751817 10.500715 0
12.341796 10.52307199999 0
13.67268799999 8.6364108 0
14.04313300000 6.868222 0
15.21519099999 8.4944901 0
13.790592 7.9660449 0
12.24731199999 11.286005 0
16.307564 4.3818464 0
15.164063 7.6651238 0
13.125514 10.69425199999 0
12.741308 7.7632073 0
13.867785 6.972664 0
14.31087599999 6.2107019 0
14.41543100000 7.304516 0
13.839099 7.7295319 0
14.37505100000 8.0517714 0
14.833569 6.0373552 0
12.708052 8.7904153 0
13.35397699999 7.2662307 0
13.443258 7.6330965 0
13.91126800000 6.5775679 0
13.82066199999 7.5953377 0
12.227535 15.133501 0
9.2670565 16.329653 0
12.969526 10.52234300000 0
14.84882 8.9532909 0
13.572367 5.977076 0
15.226025 6.3639497 0
14.660024 6.5860282 0
13.703344 9.085105 0
13.940959 8.874748 0
12.380706 8.9994782 0
14.08560299999 7.3617003 0
16.066871 5.34633 0
14.09568699999 7.9614695 0
13.471799 10.257612 0
13.05215000000 9.2218071 0
13.87867 8.3774712 0
13.90360700000 9.198786 0
14.134265 8.9552974 0
14.435417 4.9535018 0
13.754158 8.155776 0
16.236671 6.136233 0
12.75865999999 5.0611225 0
16.893722 4.2281721 0
14.497507 7.1914469 0
14.587346 9.1508305 0
12.45048200000 8.3734966 0
13.27884 8.8195189 0
14.170926 6.343073 0
15.50136699999 3.4740367 0
12.282841 9.0229339 0
14.947225 5.8618199 0
12.200858 10.951603 0
13.198642 11.43709700000 0
14.838204 6.93043 0
13.730628 10.222198 0
14.605809 9.3659793 0
15.713599 4.6668724 0
13.36577 8.2587412 0
14.126497 8.3937074 0
12.79412500000 9.518178 0
12.33981800000 10.014468 0
14.58762799999 8.8863783 0
13.66085 9.356773 0
14.101371 7.4023 0
14.72150499999 8.3029239 0
15.721033 3.1969117 0
14.93437700000 5.488198 0
14.649268 9.7788056 0
15.260159 6.2136281 0
14.07598399999 8.5352365 0
12.55557500000 11.361435 0
13.792901 6.5479589 0
15.671744 5.4853798 0
12.634529 7.8204766 0
13.75501 8.8943441 0
12.153535 8.5648951 0
15.509401 5.5341371 0
15.64819 4.4232487 0
14.18629300000 7.2588958 0
14.03973600000 7.5931277 0
11.78132200000 8.1727163 0
14.71215799999 7.1854695 0
12.355273 6.9053876 0
11.40610300000 10.258107 0
17.43749200000 4.3639129 0
15.442091 9.6237267 0
17.986802 4.8821636 0
14.81442600000 7.5759989 0
15.03081200000 7.4892195 0
17.832425 5.7343213 0
16.358496 6.1562162 0
15.335853 8.5092224 0
17.040247 3.4425968 0
14.918221 9.4026115 0
15.36485 7.5186519 0
16.187945 3.8944258 0
14.890928 8.4973111 0
14.46499 8.8369915 0
15.086488 9.4445803 0
15.635473 5.4467116 0
16.622166 8.5578278 0
16.103792 6.4091737 0
17.753118 2.5623456 0
16.248255 4.5175733 0
15.453705 7.8997516 0
16.361768 8.9567921 0
18.06011 2.8994295 0
16.088529 5.7611779 0
18.020861 3.8402293 0
15.535861 9.521604 0
16.816571 4.0235731 0
17.526248 7.5670111 0
17.84797200000 3.9830112 0
16.518921 7.0997277 0
17.064386 3.1503628 0
14.71147999999 9.2697443 0
16.98623599999 1.651802 0
17.660743 5.7340294 0
13.76799099999 7.8527622 0
15.773373 4.6770865 0
16.294426 4.1614841 0
15.843601 7.1445589 0
14.734226 4.8195172 0
16.54318600000 5.6789912 0
18.139615 -4.3995192 0
16.10039 2.3079684 0
15.76309 6.0401372 0
14.227478 8.8426824 0
18.449301 1.888718 0
16.03417899999 7.1705782 0
15.50194700000 7.1140924 0
15.368778 5.2857908 0
16.110623 5.9028205 0
16.588623 9.5404861 0
16.97555 3.0612083 0
16.11324 6.7835543 0
14.695849 7.0152891 0
16.005086 6.5611052 0
16.77910199999 5.6001582 0
14.47787 7.2534959 0
17.253949 4.933182 0
19.31216899999 1.3803613 0
14.734091 5.6109262 0
13.816131 7.5022094 0
15.798008 6.5538718 0
16.457283 6.8277571 0
14.807853 10.48276299999 0
16.668592 2.7709754 0
15.666293 7.357572 0
14.867478 6.8039625 0
14.375079 6.7459826 0
17.92811799999 3.8229506 0
16.356377 5.5986429 0
14.47221 7.954528 0
16.86282899999 6.3144608 0
15.50546299999 3.4373469 0
15.42512399999 7.8733066 0
16.616014 6.1286425 0
14.212168 10.208815 0
16.206719 3.9499781 0
16.390653 4.5411005 0
18.828467 1.5194397 0
16.457217 5.7777129 0
15.103116 8.1899445 0
16.0141 5.1547536 0
15.979268 5.1019387 0
17.454054 4.7573182 0
15.7959 5.8210877 0
14.696531 8.4428874 0
16.232672 5.91148 0
16.146683 5.0820089 0
16.475897 6.8727317 0
17.641659 2.7914041 0
16.78779 6.6536982 0
16.750418 5.2634194 0
15.562867 9.9624576 0
18.227683 3.7507343 0
14.628178 7.4271973 0
15.593758 6.4093853 0
14.845325 4.6859754 0
16.481623 7.2913604 0
17.134672 1.5366711 0
16.673715 2.2574476 0
14.933781 4.2413186 0
15.53061999999 8.5195303 0
15.248283 8.0978052 0
15.27090400000 4.1746218 0
14.932435 6.2192134 0
15.609717 4.8941803 0
15.633079 6.5916336 0
13.30056499999 11.027071 0
16.256343 4.3376627 0
15.64129300000 9.5897335 0
15.85596199999 5.2577928 0
15.627923 5.0451832 0
15.999307 7.0672 0
16.746518 6.8677081 0
15.413494 6.7828961 0
16.267016 3.298444 0
14.909838 5.3352757 0
15.45627800000 4.7528811 0
16.86214799999 4.6720372 0
16.277389 4.4926543 0
16.55166700000 6.4692975 0
16.164127 7.6881323 0
16.501117 5.3107734 0
16.489535 6.7251457 0
17.144031 6.7560257 0
16.50990299999 5.9792732 0
16.562254 5.2418905 0
16.228383 4.9362102 0
15.339289 4.2949224 0
15.631807 5.705441 0
16.246099 6.1560821 0
14.981931 6.1822954 0
16.359232 6.2017161 0
16.29949400000 5.9311702 0
15.764859 7.2906392 0
16.616685 4.5882808 0
16.083029 5.7512679 0
15.85691299999 6.4951565 0
16.179284 5.2522097 0
16.789233 6.0961612 0
16.796794 2.4963119 0
13.12956500000 8.2377285 0
15.28293899999 7.1667208 0
16.19656299999 5.8996402 0
17.13619199999 4.8142614 0
17.59682 4.4438553 0
15.91092299999 3.0611836 0
16.21301 7.8109994 0
15.92003400000 7.152584 0
16.33521900000 3.9298181 0
16.763372 3.0330995 0
16.164534 5.2435467 0
15.799941 7.2914938 0
15.821262 7.5465056 0
15.061152 7.4049708 0
14.570988 8.0585491 0
16.088323 9.026892 0
16.6324 2.7012534 0
17.179782 6.2317485 0
15.102965 6.3534856 0
15.78029700000 4.7993204 0
17.062893 6.7228904 0
17.410364 5.2851704 0
14.370942 8.914729 0
16.72352099999 3.8287096 0
17.764895 3.6343088 0
17.116006 6.2004858 0
15.158867 4.8673994 0
17.55776000000 5.4332773 0
16.862596 4.8653683 0
15.679007 8.0796834 0
15.55608700000 6.9861374 0
15.237509 5.6689873 0
16.414363 4.6751107 0
15.945708 5.3186039 0
17.1132 9.6326592 0
16.214871 5.8057241 0
15.927884 5.6815502 0
16.084738 5.6119463 0
14.629104 9.3390012 0
18.937904 1.4996838 0
16.080788 7.906433 0
16.434534 4.523991 0
17.25995 4.8916352 0
15.62816999999 7.3713728 0
16.370478 4.1759722 0
15.230522 7.1297436 0
15.42177300000 6.1586633 0
18.303957 2.4001088 0
16.672342 6.0003645 0
15.79673899999 7.1173127 0
17.38543 6.423539 0
16.306625 4.8562198 0
16.298112 5.8227033 0
14.26894 7.9545947 0
16.208555 6.8292359 0
14.747351 5.944978 0
15.647554 3.9508044 0
16.813079 6.0705124 0
16.19249 6.4593249 0
14.378534 9.4328773 0
16.378773 3.091462 0
16.433582 5.1631988 0
16.00291200000 6.7584425 0
14.339298 6.6527643 0
13.779861 10.660414 0
14.41069200000 6.1520331 0
17.109396 1.3086961 0
13.913956 8.3202741 0
17.401392 2.8510179 0
14.337088 9.1325081 0
14.69165999999 7.3608642 0
17.962643 4.4163876 0
18.65241600000 2.9586794 0
14.25205 10.12432999999 0
15.808181 6.6376017 0
18.207555 4.0402926 0
15.807175 4.8803666 0
17.8077 4.7804629 0
16.19166700000 8.1026625 0
15.100149 9.7937268 0
15.63327799999 6.2309486 0
17.479585 6.0076842 0
16.549368 6.2912045 0
16.19172 3.0184459 0
16.322557 6.0843128 0
15.37106 5.4428953 0
16.362832 5.0699812 0
17.607315 4.9323123 0
17.977253 -4.7543996 0
15.60760399999 4.9107494 0
15.96987699999 7.3384384 0
15.24180099999 6.590487 0
18.277268 3.9585313 0
14.37673 6.2151329 0
15.880489 4.1697695 0
17.120148 4.2194955 0
15.471157 5.2441771 0
16.110951 5.6188051 0
16.360555 6.8486536 0
17.26821900000 5.3290678 0
15.11280100000 6.3040174 0
16.24788 4.4139093 0
15.039017 8.1930764 0
15.76802800000 6.5280726 0
16.086463 6.947352 0
15.27174000000 6.7478881 0
16.39626 7.2153645 0
15.670433 8.8117055 0
15.743486 5.3728985 0
16.004671 6.9471453 0
16.644577 6.8664862 0
16.997491 5.4859125 0
15.71223800000 9.4897781 0
16.42431 4.0752675 0
15.622966 5.3377909 0
16.185155 6.0437438 0
15.52076299999 6.2854701 0
15.77930499999 5.7204757 0
17.164668 4.5781816 0
17.03473199999 6.9256619 0
16.626034 5.5812773 0
18.456652 3.3598371 0
13.614331 10.190301 0
15.56660799999 7.8129729 0
15.350864 8.930041 0
17.6279 5.1392407 0
15.543361 9.5810119 0
15.21632099999 8.0012743 0
17.45826600000 2.1066943 0
17.275097 3.1481626 0
15.89081 7.0759487 0
14.03061799999 6.7813623 0
17.094987 5.200835 0
11.971073 9.89531 0
15.258395 9.3496332 0
14.25305100000 7.5581364 0
15.581223 6.4322186 0
16.273092 9.8025833 0
15.491864 6.2353816 0
18.142454 4.1403118 0
17.075935 4.4206956 0
16.12138000000 4.6518884 0
15.05562099999 6.615156 0
15.934526 4.5262372 0
17.3037 2.0959316 0
14.271911 4.6154923 0
16.396961 6.5648733 0
15.733824 8.0428331 0
16.217564 7.9957718 0
16.891075 9.601974 0
16.218245 3.9939135 0
14.337191 9.2193396 0
17.138794 5.5735434 0
17.128474 4.6171442 0
16.070259 5.218706 0
14.961717 8.0759845 0
15.924042 7.1750414 0
15.773307 2.952534 0
15.553746 8.0163455 0
14.94945900000 7.9694268 0
10.094706 57.089203 1
8.0859805 2.161199 1
13.87321100000 53.81920700000 1
9.4888203 2.9614697 1
15.04096399999 1.9897416 1
11.185785 2.9770156 1
10.778311 41.743277 1
16.121272 3.5614685 1
12.70038599999 1.6639258 1
10.77139 1.7703563 1
9.4376159 1.3443277 1
10.64972100000 2.8516963 1
13.740544 4.8240524 1
14.81023200000 3.598288 1
12.15286799999 2.0585782 1
10.296958 73.075875 1
13.03152499999 2.226702 1
13.714357 70.493494 1
10.708806 1.7424655 1
16.612001 3.8460473 1
10.880907 1.759468 1
15.05269699999 4.0586505 1
14.755581 1.5432508 1
12.30114600000 2.6733076 1
11.845014 2.4696663 1
14.195989 16.139033 1
6.4324697 67.608178 1
12.40269599999 3.5174996 1
11.86607900000 31.40575 1
13.050786 1.879804 1
9.0531461 27.316807 1
7.4756235 10.76956100000 1
3.8084256 -17.369201 1
13.88224700000 3.3982381 1
15.235989 2.3332495 1
10.779249 2.4279001 1
18.971422 1.8810053 1
10.039682 1.6207497 1
8.3172475 2.8620769 1
11.176693 2.5079277 1
12.089801 89.396638 1
14.35323 3.7355713 1
12.87144800000 4.577953 1
9.4501801 47.613124 1
7.562715 2.2020139 1
9.8658578 -4.6324937 1
8.1060787 2.5774295 1
14.21072300000 2.4167701 1
11.38498 44.822663 1
6.5936725 2.2075482 1
13.476134 4.0064299 1
9.1854942 1.48687 1
15.781543 1.0571664 1
11.82120400000 33.870991 1
12.315135 20.59448800000 1
9.7573986 2.3614691 1
13.670867 2.6659946 1
11.959636 84.41052900000 1
12.87471 3.1958929 1
10.719505 30.554241 1
14.376349 4.4240583 1
4.0440618 -1.9233605 1
12.41490900000 1.6390424 1
15.37061299999 3.4444264 1
11.431683 1.9612126 1
13.749122 2.2470452 1
10.060958 1.0585711 1
13.107822 4.9997108 1
10.10996900000 1.1343042 1
15.64447700000 3.390505 1
13.77320499999 3.9578677 1
16.025853 1.9031394 1
12.309314 4.1604404 1
11.95524500000 2.6480731 1
12.493572 -13.7712340000 1
16.203789 1.7276037 1
4.7859919 1.065133 1
7.1617151 2.4539186 1
16.014072 3.4490867 1
17.889723 3.6136566 1
10.951579 -23.193036 1
15.60371500000 11.75159499999 1
18.914233 4.6693255 1
12.816122 3.2920787 1
10.757074 2.4816187 1
11.032275 4.1761264 1
11.78569600000 4.6935842 1
14.164333 1.0811581 1
11.500629 2.0116601 1
18.24124800000 3.2577939 1
11.017066 2.0786437 1
9.9132736 2.0894511 1
13.69180499999 2.454588 1
13.031904 3.7004503 1
12.56296199999 -1.9843276 1
5.7166034 1.3629994 1
11.474863 1.5793498 1
6.3588124 74.688633 1
12.599219 2.2716157 1
14.45522999999 3.0308132 1
15.45325499999 1.9264631 1
14.264343 2.2530906 1
12.957257 -32.965345 1
13.992026 56.119487 1
11.71802299999 1.4230355 1
11.83338100000 1.732878 1
14.741249 70.566854 1
14.907658 55.52186500000 1
10.771384 2.7781262 1
6.6486094 1.6630591 1
5.5271029 3.3767581 1
7.2959859 2.3318346 1
8.6500935 -4.8475352 1
12.67578099999 -1.1937247 1
9.7142483 1.9761028 1
11.67585400000 1.6336873 1
13.274541 2.9426565 1
8.1155591 2.955095 1
9.3891955 1.4446499 1
9.7964912 1.998366 1
9.3782245 67.742695 1
11.04263999999 3.6701648 1
14.37710400000 2.3139816 1
10.31781000000 1.0488748 1
13.945695 1.5221129 1
13.56646299999 4.8295073 1
12.727955 2.8194947 1
15.051229 2.9231701 1
18.521561 3.1474407 1
16.538297 3.121695 1
7.3895748 2.2331714 1
13.59164800000 2.1685379 1
8.7729442 4.1933326 1
5.8957824 1.0376175 1
8.114842 37.163018 1
5.3304381 72.629941 1
8.9610648 3.4350666 1
16.297347 3.57857 1
10.922128 3.6149969 1
19.97792 2.4829872 1
13.217732 2.3436499 1
14.467699 -42.02655 1
11.845697 3.3745969 1
11.129019 1.7548957 1
9.6667075 1.8490474 1
12.786498 3.5684868 1
7.4691822 1.1450605 1
9.5790529 2.391242 1
8.5769719 60.246083 1
12.345463 1.2527425 1
16.710204 3.2672643 1
18.40905500000 2.3296004 1
6.2631984 -87.518643 1
12.878882 1.2972266 1
10.910548 6.1680333 1
8.9034138 2.4147973 1
12.37467000000 2.3536616 1
10.46170199999 1.2449186 1
11.607521 -71.3840810000 1
14.346197 2.4339492 1
8.2698694 -2.899089 1
11.264854 56.911463 1
6.4623916 -69.279087 1
10.786254 1.5650835 1
15.288641 3.9070814 1
6.9176898 2.2502151 1
13.03945300000 1.4517564 1
7.4560386 -84.540694 1
12.49703199999 1.2659461 1
10.293452 8.6545015 1
11.29325899999 2.5606642 1
7.0126475 64.040245 1
9.6918175 3.8517955 1
11.385723 1.7660282 1
11.75937900000 -25.6786620000 1
11.449831 2.0614602 1
10.291521 2.8836826 1
15.83688200000 1.6546582 1
11.601931 2.8682685 1
9.7741006 2.276187 1
9.8393928 2.3490769 1
11.675239 1.4874963 1
14.748719 2.0872345 1
10.68601700000 1.6712287 1
14.57615300000 2.0687515 1
12.242853 -11.564344 1
10.30454200000 1.8036032 1
9.1912023 -3.0821892 1
12.570416 2.2451231 1
11.340085 21.93339 1
9.6938578 3.7726507 1
9.8632646 2.9931599 1
13.455627 1.3529488 1
14.184376 5.2534181 1
11.407606 3.6156156 1
14.734402 3.5279341 1
10.328353 -1.2141083 1
11.273766 6.6718184 1
15.493781 1.3170253 1
10.28192900000 1.3464832 1
5.4776683 -58.021367 1
8.3298837 2.5959569 1
12.715733 1.3031866 1
11.30301199999 1.6872046 1
20.089457 2.0025835 1
7.7282923 1.4430879 1
11.680047 3.9851092 1
11.57161099999 -73.363195 1
7.5900724 14.565448 1
15.096288 1.6173843 1
14.398215 3.0552892 1
16.321656 92.823049 1
13.905132 1.4190855 1
1.5605402 1.9901752 1
8.7304601 -13.201802 1
13.249654 3.6649506 1
9.6574468 2.2687473 1
13.021085 2.9398798 1
11.79681999999 1.9577952 1
10.058274 33.95730299999 1
11.72431 -37.887459 1
13.584935 2.3839632 1
15.643955 3.4162648 1
9.5354255 2.8181205 1
10.25886899999 1.6993996 1
10.33251200000 4.2560118 1
14.59919600000 2.5319105 1
16.596985 1.8673099 1
15.19873000000 2.4745505 1
15.83825 1.4783489 1
12.954085 3.1060784 1
10.06190799999 4.0946174 1
14.351269 3.7640536 1
17.253618 2.8903064 1
13.109937 11.06124099999 1
14.596633 1.323756 1
7.4904198 2.1415171 1
13.69018800000 2.0564168 1
11.95296499999 4.0274772 1
13.85824299999 3.1572827 1
15.40024499999 23.24948599999 1
10.271656 2.7576402 1
16.718387 3.4546947 1
9.6950293 4.3430323 1
12.148093 2.1402381 1
12.99977099999 2.4866096 1
14.727846 -4.3066767 1
10.892459 1.2125475 1
8.7443128 -52.108606 1
16.20545300000 2.2030367 1
12.854086 93.95796000000 1
5.8725432 -50.62191 1
12.958422 2.0892489 1
6.6460296 22.877402 1
14.753082 4.1389466 1
16.829715 5.7572253 1
11.497465 2.1741597 1
9.359498 2.1508724 1
15.09328599999 -56.943847 1
10.91710799999 4.0928801 1
9.3574365 81.87199700000 1
8.3319579 2.2078167 1
7.5366665 1.2577585 1
12.93040600000 2.5980767 1
10.97884300000 1.7708877 1
14.404661 2.4325836 1
11.51070100000 38.690682 1
11.410749 2.1361363 1
6.3890924 -74.89947 1
9.6410383 1.604511 1
12.36806599999 2.3052133 1
10.632031 1.453888 1
15.92285600000 2.8710933 1
6.771207 2.7780639 1
10.978207 -44.535716 1
11.907119 -14.866834 1
9.6469945 85.362919 1
12.464471 2.6759125 1
17.087513 3.016935 1
8.7422314 1.1518722 1
11.121387 2.7648927 1
8.3663901 4.6924343 1
13.860098 59.980721 1
8.1280106 36.90562100000 1
8.8764185 -1.0024525 1
16.308943 2.6273021 1
14.70869900000 3.4392164 1
9.6206392 1.2159577 1
15.37664399999 3.9400366 1
9.9532436 1.45493 1
12.39119300000 2.3973647 1
17.807265 4.0711352 1
18.94786400000 3.5590186 1
10.76525 2.3405821 1
12.33791 4.1307118 1
14.843055 94.06394399999 1
13.68311099999 1.4851319 1
11.389795 2.3743947 1
11.264478 1.4015953 1
9.4787575 91.900645 1
5.4001733 2.3989789 1
11.377754 1.1915519 1
8.5249126 2.2332317 1
11.261167 1.656561 1
19.27415700000 2.0867862 1
12.238834 2.6960471 1
16.615913 2.8895058 1
8.0757445 -1.2937749 1
15.725001 1.874087 1
6.6555734 -12.0003900000 1
11.19379 2.0838656 1
12.657021 1.0110278 1
13.85606 2.1647922 1
12.003286 3.8430882 1
9.2638545 4.2279621 1
8.5865351 2.8325159 1
9.354092 -61.382683 1
9.3826611 3.8950482 1
10.58526300000 3.4388816 1
9.2244604 2.095 1
16.455314 6.0183255 1
12.671462 1.3895466 1
13.388506 4.7755649 1
9.1510983 8.8555824 1
12.71126500000 1.4871955 1
12.61727000000 33.80719 1
9.3606368 2.5631066 1
8.5416615 2.1891617 1
5.9998282 44.269256 1
14.196288 15.138099 1
8.1542709 -2.3500649 1
11.85412700000 58.358941 1
11.818974 -12.6860639999 1
12.471974 3.0189901 1
10.40861500000 3.4246802 1
10.720297 -1.0711495 1
10.55503899999 -71.3156 1
15.90502800000 1.686449 1
8.8156505 3.0741509 1
11.75822300000 3.8180237 1
15.640349 4.5256303 1
13.14428699999 1.5317347 1
8.5380878 68.711665 1
14.069328 68.731109 1
4.0597711 2.0158442 1
10.75167 2.9994214 1
16.244198 17.510602 1
13.453434 1.939798 1
14.21543299999 1.4405209 1
11.901788 2.8753519 1
11.202518 3.6017689 1
14.447603 4.0080434 1
19.097426 3.4263539 1
11.069187 1.2914036 1
16.167765 1.7146227 1
10.029792 7.6706271 1
11.059089 3.6175001 1
13.682698 84.768372 1
8.7096398 -1.1916277 1
14.578723 1.0421646 1
7.3855171 3.6716034 1
4.8136043 1.6530228 1
11.413209 1.4021859 1
13.04793499999 2.4051114 1
15.942742 2.9652799 1
12.490389 2.6928208 1
14.809203 2.0159056 1
13.40700800000 5.4988021 1
14.35596000000 3.7911987 1
8.3506055 -2.0060509 1
11.48535499999 54.99578299999 1
10.19688300000 1.7719259 1
11.43818599999 2.6746703 1
18.804525 2.2618685 1
7.7737723 1.5099563 1
12.00505699999 1.5228802 1
10.642388 -7.0818892 1
13.777077 5.3084569 1
17.3192 2.2436196 1
15.434341 5.7606809 1
9.762193 46.75973499999 1
7.6215452 1.1840926 1
14.151327 29.113605 1
8.7669652 41.895891 1
10.124822 3.1384777 1
13.62278 3.2732525 1
7.1700134 23.005713 1
16.71403 2.6933148 1
12.176345 1.3702538 1
11.54602600000 3.1712422 1
14.192677 1.0883604 1
14.88537199999 4.5755279 1
10.78738200000 -40.027833 1
15.394223 2.7668189 1
12.64802600000 -15.9343630000 1
15.082312 1.2415205 1
12.467742 46.562944 1
11.89136699999 4.2658985 1
17.197481 2.2808424 1
9.7481281 2.2537694 1
